// Poprawna sciezka dla recznie przepisanej macierzy
// v0 v1 v5 v2 v3 v4


// Macierz przepisana ręcznie moga być ew. błedy
//        6 9
//        1  1  0  0  0  0  0  0  0
//       -1  0 -1 -1 -1  0  0  0  0
//        0  0  1  0  0 -1  1  0  0
//        0  0  0  0  0  0 -1  1  0
//        0  0  0  1  0  0  0 -1  1
//        0 -1  0  0  1  1  0  0 -1

//// Przykład a)
//        1	0	0  -1	0	0
//       -1	1	0	0  -1	0
//        0  -1	1	0	0	0
//        0	0  -1	1	0	1
//        0	0	0	0	1  -1



        /*
            E1 E2 E3 E4 E5 E6 E7 E8 E9
        0    1  1  0  0  0  0  0  0  0
        1   -1  0 -1 -1 -1  0  0  0  0
        2    0  0  1  0  0 -1  1  0  0
        3    0  0  0  0  0  0 -1  1  0
        4    0  0  0  1  0  0  0 -1  1
        5    0 -1  0  0  1  1  0  0 -1
     */


// ------------------------------------------Lepsze------------



//
//6
//        0 1 0 0 0 1
//        1 0 1 0 1 1
//        0 1 0 1 0 1
//        0 0 1 0 1 0
//        0 1 0 1 0 1
//        1 1 0 0 1 0


//10
//        0	1	0	0	0	0	0	1	0	0
//        1	0	1	1	0	0	1	0	0	0
//        0	1	0	0	0	0	0	0	0	0
//        0	1	0	0	1	1	0	0	0	0
//        0	0	0	1	0	0	0	0	0	0
//        0	0	0	1	0	0	0	0	0	0
//        0	1	0	0	0	0	0	0	0	0
//        1	0	0	0	0	0	0	0	1	1
//        0	0	0	0	0	0	0	1	0	0
//        0	0	0	0	0	0	0	1	0	0


// 7
//     0    1	1	0	0	0	0
//     1	0	1	1	0	0	0
//     1	1	0	0	1	0	0
//     0	1	0	0	1	0	0
//     0	0	1	1	0	1	0
//     0	0	0	0	1	0	1
//     0	0	0	0	0	1	0

//7
//          0	1	1	0	0	0	0
//        	1	0	1	1	0	0	0
//        	1	1	0	0	1	0	0
//        	0	1	0	0	1	0	0
//        	0	0	1	1	0	0	0
//        	0	0	0	0	0	0	1
//        	0	0	0	0	0	1	0


//9
//            0	0	0	0	0	1	1	0	0
//        	0	0	0	0	0	0	1	0	0
//        	0	0	0	0	0	0	0	1	0
//        	0	0	0	0	0	0	0	1	0
//        	0	0	0	0	0	0	0	1	0
//        	1	0	0	0	0	0	0	0	0
//        	1	1	0	0	0	0	0	0	0
//        	0	0	1	1	1	0	0	0	0
//        	0	0	0	0	0	0	0	0	0



5
    0	4	4	6	6
	4	0	2	0	0
	4	2	0	8	0
	6	0	8	0	9
	6	0	0	9	0



